0
0.2655422836220214
0.21555373864570243
-0.11025180220721291
-0.018284396065115602
0.28702367925043376
0.11284598401105078
-0.19390543346262584
0.044695194967026744
-0.18047929890873432
0.2899589421439408
-0.6686617263636986
-0.6570454748270467
-0.30413805520677456
0.16406957677129508
-0.17519787844418272
-0.01706324474513511
0.23176035742365797
0.26626346998719663
0.2515418470043248
0.6784520489678376
0.6846874412565788
0.5986842903651575
0.906207263594959
0.8622763578731699
0.8702362997642928
0.755968542412255
0.9233411776103727
0.4731807555414428
0.32968594055524425
0.1961028707804675
0.21132811674434937
0.5612628442269669
0.45649342173343666
0.5857353480082278
0.43723584396766446
0.23180291161262156
0.6124989182773399
0.4353212791877331
0.35934216470123054
0.5179833657784857
0.6468261847159679
0.9349653049265324
0.6424310830834005
0.29890942352902605
0.2996516938523772
0.0036026547674023884
0.5034524272917427
0.5852239679980625
0.6236892779468399
0.4573836843254369
0.36624400069408136
0.32566513913000594
-0.11611056080450678
0.28542576219518745
0.10272491326841664
0.21963086171658341
0.3284349401491583
0.04761242395444294
0.743328808602242
0.5144796227344898
0.5920152220503738
-0.07007617951508543
-0.06704882829200537
-0.10440401936088765
0.15221784936180505
-0.11388599130300452
-0.050118469341565275
-0.3802864524169246
-0.5824184033597042
-0.4472952913802182
-0.08787882760438974
-0.613707249308511
-0.12068753978908882
-0.15296963945150316
0.45351590971029593
-0.28339687268909397
0.11221121749746621
0.49459494194434933
0.8452823311275651
0.5511512016868786
0.6539673433774172
0.8024488495369471
0.8627109115950231
0.470239903343011
0.877499662440651
1.0397231220231367
1.1688929555204512
1.149132627794593
1.0623833165674363
1.1627944481125263
1.1460835159896676
1.0592718846502156
0.7764416372977976
0.8333152496993171
0.09659069571529584
0.2681498749127443
0.5471399723721738
0.5891974718230948
0.7349479495048253
0.5207217230653893
0.5909436987828566
0.719316691663552
0.8849051952122658
0.5684893006022876
0.7272686112436468
1.0180295289701038
1.202166571530338
0.9873483087730105
1.146596127980611
0.8479705207737617
0.9051394779774947
0.7769685685066079
1.0328509957598522
-0.14026809794683331
-0.3695900888931083
-0.4204712698828167
-0.43251551142415523
-0.32638910855244846
-0.1569527284999273
0.16089417461538796
0.3302502358716188
-0.12079084043882664
-0.2906529065268954
0.17267172975906003
0.10832352879732433
0.17152332516261654
0.5235635132156393
0.6623576978999498
0.9669081209055339
0.5464831997805638
1.1602509773765861
1.421549133499824
1.3304092837757666
1.3205175518364998
1.3095890141615787
1.5255815007128712
0.8449203343362143
0.8476202006714958
1.4084560533606962
0.757214201415188
0.9234679302741077
-1.104672396895191
-1.3288237185052025
0.26931790201508793
0.6749263426563132
-1.211118700757902
0.4642973175588489
0.22006177970046842
0.565448789271923
-1.9781637789949984
-2.4294116147998484
-1.3624110910223353
-0.9873219403474581
-1.9372063696536115
-1.7841652219328303
-2.3090847239092676
-1.9046337239945652
-1.8143115830097047
-1.6627148690030507
-2.1154401553638857
-3.0452776076948833
-1.732521181323105
-0.48265958378238516
0.0629467609202627
-0.23637143046853343
0.12322698396054307
0.7464270465632347
0.5336985441549241
0.9761783116516997
1.1501102580815954
1.1966496673834024
0.9566626768997996
0.47560773729875894
1.5753689341706936
1.3326736817036515
1.1507510812531672
1.1540829012858114
1.4763194487320566
0.7643025570808532
1.1944859368553662
0.7524839496043291
1.5157622396984767
1.4011927779660562
0.08353183739969018
0.8871459147358606
0.8464821814018202
0.964591532126886
0.24255063841843694
0.755999406870502
0.5137558663747079
0.7009146631658759
1.0751135272481231
0.8139725061946674
0.4880202595679769
0.6217888890295964
0.1587103722944434
0.026962774561373734
0.10108579009774392
-1.0143293394912607
-0.015265764287505534
-0.31679685594935775
-0.01385312051924363
0.10633411867660016
-0.3931252463063116
-0.6701509944315378
0.04573287081832823
-0.43870393936491997
-0.21692671364392968
-0.6549209561220235
-1.5084658144367384
-2.665219970097112
-1.1413209021902302
-0.1709627470809112
0.16014646896643403
-0.03975854300792378
0.3089906817472229
0.3329565242184331
0.2592904564164566
0.47919864832770287
0.5136003905769804
0.8072993501414429
1.0273760349857035
-0.24245806598981534
-1.7992785495486197
-0.7426497482193489
0.584322408300395
0.34533378677954873
1.0091251964306787
0.6129312514340522
0.05438713244208816
-0.059151588432267574
-1.0379548413437532
-1.8883395981592526
-1.719984382819609
-1.0795782666293081
-0.5361731523770762
-0.49073644606943356
-0.038755562867825624
-0.12207087540346538
0.07258589754146054
0.5390954092494393
0.4642773096333118
-0.8648632002153297
-1.7703024443918494
-1.4746806814622668
-1.3010936701591558
-0.8785206613689597
-0.22604064637305255
-0.634832230334916
-0.17046605523589214
0.47349839164343244
0.8001737463718962
0.12817919473836892
0.5853769212899173
-0.7718703010894811
-0.025919225415111227
0.3922031789142026
0.5150350409312268
-0.45858804059988467
0.05747312419802225
0.2702585154231358
0.458037417257447
1.1810510479227876
0.465047852471042
0.24106159947452405
1.4299041526470397
1.433475887157247
0.6730058568069555
0.5622370541425735
-0.1291526603507374
0.7811716318889489
-0.24783641200101014
0.16339710901159032
0.09945338199194857
-0.11025088163554934
-0.4523722903867481
0.127750962761355
-0.5371128896830114
-0.5508793106504393
-0.8243433803848773
-0.2753503647667489
-0.6823438062581464
-0.5502661601755655
-0.7702134422146061
-0.3707836390159597
-0.7448097387293894
-0.23892543424776552
0.01579620043608862
0.07985116866769312
-1.2172499992762071
-0.20686028697212533
-0.5452355825615401
0.46887026026000417
0.8281862110278084
0.06755463530021479
0.3940260483996948
0.3236033899062954
0.8724486265877325
0.9318032787556031
1.0001801186011163
0.4606438191605834
0.8210378849715424
-0.013569493245317046
-0.6895609741031566
-1.4572276944987872
-2.144634169337159
-1.4032605555222308
-2.1605381424015326
-0.14378110447026698
-2.117377265561571
-1.6203523668281854
-0.42311494754884577
-0.43462751187150594
-0.10105236433051633
0.2428560276745772
0.21119338622709782
0.5240574732864847
0.5565361947397809
0.5027881360562806
0.3853367242573848
0.005547676640891036
0.2700228479167642
0.6097406277700016
0.8665181562718681
1.4557577483608302
0.06467969476163728
-1.8661488060178189
-0.2834013565969379
-0.04517677999132795
-2.259973281123303
-0.18962964099567514
0.3738463011950095
0.3232612906065075
0.2641335905748806
-0.20540145474649563
-0.27939221118169466
-0.02711261792362067
0.5445893931526723
0.5202318340271797
0.31856387345178416
0.2407839330397583
0.12796372641796033
0.9567338140735931
1.0437078389108856
0.48355323514634385
1.0095130926304858
1.1230717478624204
0.6467217268141586
0.6963513446285312
0.45733755489055217
0.3074069444220441
0.29911310222235465
0.5070718146119637
0.7610119672335548
-0.7535759322742926
-0.49145443789280985
-0.020014644061642134
-0.7219252718626655
-0.35819558433815374
1.1473588938738462
1.0565026900018064
-0.4106115578246742
0.22509538811359836
0.6385126245929529
0.45556557441959733
0.9561805681083749
0.8950771940750428
0.5138907817183215
0.06212767548595681
1.1772454035328177
2.47239637469575
0.6264139944724648
0.9201178800161441
0.9292522387164052
0.969160007048785
1.0623317463944708
0.9112656568800631
1.0242176373392726
0.9616085279279089
0.29765485158006516
-0.23758953278879885
0.3205659194830427
0.7503738569604409
0.8295470166455158
0.837135213175465
0.16056665675918264
0.8473040234200445
1.2875751582947599
0.6942810723843151
0.8847275395231938
0.9631715641861892
0.3620069445967967
0.6753465024893089
0.5846877820554087
0.8154566008783523
-0.33098935134109025
0.24643268577124583
0.9390516266702895
0.7754167547589719
0.4929038597239148
-0.010151982468562401
-0.717503550163541
-0.08298353313499567
0.26127047745868387
0.8324674807608772
-0.1831824371662259
0.09566390161128009
0.04883396039488293
-0.4565351702570044
-1.4268008301090083
-1.4180069791647707
-0.34296681906831544
0.0022752715824528452
0.5377861210079604
0.11462863369047381
-0.5614252292973626
-0.49992758136346105
0.07105911965325343
-0.2004511442956139
-1.5453038340832064
-0.3543119048451438
0.17182778110112185
0.13083471670069174
-1.1334170900839162
-1.1860228495696343
-1.152405111324284
-1.033578965360815
-0.44989336606786284
-1.061895855682245
-1.9327584220856657
-2.2158477856705394
-2.1401878823520417
-1.7266356851186149
-0.7768220520158354
-0.3425303868009634
-0.07601408258023387
-0.30894370264003657
-0.45788983570346475
-1.3595221919197307
-0.7736913321188512
-0.021551882160388794
-0.8896039416901581
-0.7471166742765593
-0.49727884736182004
-0.08899058776814432
0.5588824804704912
0.07405395683130209
-0.6838699403473602
-0.31884591105289145
0.15807695710215264
0.5569332464396134
0.533592460507839
0.567604467527653
0.6217412606187456
0.6876576687826707
0.6680229211567201
0.18465998545043
0.6324490016044225
0.3891650806550578
0.31320117274923964
-1.0508271217135798
-1.7137344324863957
-1.2409440804162373
-1.309734492761857
-1.6776648559371452
-1.07312238172567
-0.14992689500838008
-0.9057468377388455
-0.6176026976167398
-0.6054266981843126
-0.5373079234464595
-2.0688073948507855
-1.1439861556013942
-0.6015728039121907
-0.11501576357541644
-0.244829277681625
-1.4424294181522948
-1.6160265185560874
-1.250697612887507
-1.793288124038176
-1.9936003188278433
-1.2092307208876925
-2.2101234125915545
-2.4378060378380817
-1.3079825139239512
0.2485808228574931
0.2717432476110627
-0.058648449375746356
-0.2151307114811914
0.266371466110402
-0.2919446638019533
-0.06836571843363992
0.4847853204579524
0.5752610471804872
0.5478748481560042
0.7477128961161937
0.4407036298815305
0.759438257091279
0.5260955296315255
0.3917128380735415
0.4835346226798837
-0.1459177945100315
-1.8207299265071804
-1.035163759867954
-0.534013279552436
-0.25013154343690425
-0.3196107578149747
-1.4662393919812438
-1.109349907781148
0.31978716399638335
-0.4897136787626154
0.5159601805193241
0.7168204424720599
-0.4339904397784202
0.5452172653725337
0.5642105522482491
0.9367565905735319
1.1858856256876882
0.8907791947581055
0.8698786773272078
0.6953356557008448
0.7130228197998593
0.4121543508944674
-0.4137753355083047
-1.6148413146561544
-1.0777939640613445
0.17427396210737128
0.7501065541955781
-1.4317695441462563
-0.9765395177835575
-0.6055984272343959
0.13630953138800334
0.3412327553889403
0.2806722791789671
-1.510404711212376
-2.1474455552692038
-0.39348063946018963
-1.6955612591244758
-1.2294351561514953
-1.8227791058946206
-2.6807333228086683
-0.9622152946443865
-0.5047553749282537
-0.9606108617207633
-0.002001931716279347
0.5408416920679217
0.5103296284035008
-0.06715361884184805
0.4002576787949886
0.44202314302587664
-1.289592545648241
-0.3654289466155273
-0.13266207965645965
-0.1427881793493932
-0.7595092696583079
-1.947934688406378
-2.6548962722460674
-2.0713464871174687
-1.572751907313816
-0.9283774203408122
-0.410157378814784
-0.5989920394189922
-2.1102431599997793
-1.3837761540776774
-0.3110976569564686
-0.11975330026782642
0.13422626801556448
0.5322349974648793
-0.2631438813846849
-1.0123671960062341
-1.0566536457588656
0.2892842282540464
0.7305530223276661
0.23943377901328083
0.5257978849653316
0.037423999260852506
0.340506479418924
0.036243557175811694
0.15998101649574842
-0.18779561771841996
-0.522826666389621
-1.5259655334976994
-1.981087278353672
-2.720615840150937
-2.0148752662798546
-0.9631220055979278
-0.9767951785947805
-1.9739528732155949
-2.0845262853961355
-0.8709031576737577
-1.8255142301835736
-2.5035841499277884
-1.6965277312107625
-2.2345746692459683
-1.8937099354225257
-0.26762008065816023
-0.8717676810423096
-0.6864680367980956
-0.4631395658485016
-1.052580260002402
0.14411117161325446
-0.1428582948748997
0.47101871301247245
0.9225263648509748
0.8325276301144949
0.06537675787226462
-0.50590478334012
-1.2475005875916796
-0.44953192529886177
-0.13158718852189089
0.26569571473939935
0.07508578198955847
-0.3201147273301893
-1.2049631586222256
-2.150607381163453
-1.2287807078098216
-1.303132719780016
-1.214380976485775
-0.8767747715755038
-1.499478241429933
-2.4440894837836478
-3.20598624356592
-1.6313974423784092
-1.0253350850947789
-0.8192037810528349
-1.9404542849963302
-1.3179034967821528
-2.1652468173484376
-2.0212806773496723
-2.1107024431560073
-1.0859094428711353
-1.2749124421764786
-1.8313263792572119
-1.8521863096839393
-2.197647263873645
-0.8184050445092207
-0.151721466807327
0.4501647619866253
0.3603203375403694
0.3442685124531293
0.22405062410512971
0.523503876977589
0.061678173357216204
0.2565805539722976
-0.9299823358996503
-2.5493874298068278
-1.664381132593325
-0.6136165772898213
-1.173889733064398
-0.8296782736133365
-0.8027404081479024
-0.4621521983323918
-1.063451074828052
-0.9876267921687659
-1.079088210002953
-1.9538543259195076
-2.57752234445605
-2.5034506551943894
-1.9554487242143799
-0.7668143511326501
-0.4693365722571793
0.0353952015069358
-0.11749744073882747
-0.006754717645578723
0.1698078227610964
-0.4865001907134593
0.015459955716888421
-0.04945210720804781
0.5245470127113088
0.16275046930752002
0.5264712082209883
-0.14805491100095292
0.40151504070189153
0.4394391758047571
-0.15983619227218598
0.15723828164389142
0.26078111212851784
0.385720102700849
-0.5996588065308429
-0.25052310064132166
0.17595716045157667
0.2637066533799262
0.47664407748398535
0.5012257551056697
0.009820012053671487
-0.39777871322457237
-0.6803340300123591
-0.4347454765617593
-0.26244693699886046
-0.23844372533098046
0.27043840366535543
0.4205009633797806
-0.2597270983955581
-0.4870282484401668
-1.6453103895558878
-0.013507557747949747
-0.37100718974911107
0.34886533711926415
0.25572518237683534
0.0382635366390799
-0.6379119257241277
-0.8156506423631872
-0.9065506038591704
-0.24436210643897166
-0.43455147348826395
-0.1901645107002028
0.15186563663262698
0.33547635390876207
0.3163986929587368
0.13074587825103948
0.22682476384115208
0.01358268753829199
0.010210508838676191
-0.16100077142390512
0.11829087020867961
0.035385486938290196
0.14951948688333
0.02067672506947256
-0.3209697747228645
0.13991050472953553
0.359721167435459
0.1095705313980621
0.14778868000467865
-0.09431371577087456
0.36571371107782447
-0.2910993937508275
-0.10788354171221469
0.315044636037009
-0.004312842696452143
-0.8326051066705124
-0.46055371996947503
-0.3809703299648728
-0.13385947766168804
-0.09536423293781747
0.038715726128725134
-0.19091027142395123
-0.18717834346553924
-0.21239139273283303
-0.4629792254061661
-0.6509410510627796
-0.42395245861721836
-1.1953789237751697
-0.08144358322263144
0.5381943686055551
0.5757390996777455
-0.1365872152470412
-0.6488948490520479
-1.424604078201869
-0.5511027799810423
-0.24897842263814884
-0.1618459388263982
-0.27162369512462947
-0.018981979174888614
-0.45246301013248824
-1.670442548595373
-1.6598264354205392
-0.4499023434127819
0.20983532769305718
0.004699332988697003
0.41090557717656867
1.636101704517723e-05
-0.19294380474283862
-0.28322062832084594
-0.06836615751854606
0.0055166598585056695
0.026451564791862472
-0.5942100655610737
-1.1677977413400424
-0.297033138865802
-0.4736839204958243
-0.058235383054033155
-0.15661179270769698
-0.49504518447663526
-0.12941629470152372
-0.1508001246717045
-1.894364290581352
-2.0820782391847668
-1.5590462726607621
0.006388011560432796
-0.014361792420511665
-0.221801145278667
0.3086058387181951
0.4707404761398515
0.5132790615879855
0.09746779400442383
-0.3920901440212218
-0.6286118708665456
-0.296206535520496
-0.9747936809245007
-2.126010295756773
-1.6856656301883903
-1.3132350204871917
-1.1203046233028193
-1.4795963598657567
-2.490646932532583
-1.5324883132751321
-2.072596544248074
-2.3391300954822842
-1.1334092494772772
-0.3566052947920457
0.30058833128638524
0.18983732462180958
0.3874143715895585
0.2077662288596694
0.043815451838525185
-0.6634351545203377
-0.6811109472948013
-0.12339308275189641
-0.09745923230656224
-0.4867343902319963
-1.8137988165901107
-1.1730594407733879
-0.11113168224248564
0.16469345047579048
0.6119244943494352
0.45999886917699473
0.2919799946353008
0.5865204707189561
0.7529792244265453
0.9466645077455487
0.7120610785235286
0.32061990832342635
0.582736575376322
0.6828989085596892
0.7955349595083752
0.009435320721037768
0.30391391248755617
0.37906802081955504
0.5066749092929466
0.3820352293389561
0.21303439042578592
0.17523060031069326
0.4391505620029449
0.3516793651620931
0.13363706887545707
0.5980747026421909
-0.0364086321768312
0.18126983509694145
0.15746541704634354
0.015635566747245103
0.32257817018326657
0.6631237167590536
0.5696884557125856
-0.0036489097748140797
-0.3617067420638541
0.003125394781734084
-0.7324762599837352
-1.9103230321366678
-2.6025176508520227
-1.1769987465646374
-1.3522314285630401
-2.561982782217089
-2.7338695395551524
-1.1075608509395531
-0.057721183655366035
-0.3004570022850235
0.06763280715305042
0.1664685993536309
0.17651700321560665
0.1306450251813171
-0.8161715253074635
-0.793728599339346
-0.35552746219841846
-0.2232725399703802
-0.15196597733333594
-0.12055071097830443
-0.8060170259068385
-0.25377476665297294
-0.031028934974678388
-0.6902823972266152
-1.6888154471616286
-0.7883022473312069
0.47300406290943525
0.32108415216446184
0.24290995962951056
0.5902298967025097
0.8681688684740768
-0.01622660355263937
-1.2994242379843297
-0.5233965871110566
0.003892723872149076
-1.0626023403136862
-0.31996121271508593
0.040845499433577265
-0.16420069339291127
0.22408525596446904
0.20941827259542656
0.12902313462487136
0.31110321884657033
0.2990742905834105
0.22882472028768674
-0.08704581017684608
0.3032968788531918
-0.1291566992871273
-0.04952934646631921
-0.1607048756172632
0.10843686257348213
0.11939064117067368
-1.3562227766977981
-2.2548993066366525
-2.2247846571665657
-0.8627359403194147
-1.45048575381938
-0.2633059387686485
-0.28270983814481504
0.2415838961379233
-0.0031952498298055826
0.2395933013050109
-0.12610304599141087
-0.08826075851854863
-0.10291962228843314
0.05052015719369854
-0.8761926596819001
-0.4388414173872811
-0.579301119418584
-1.3080285358846933
-2.3164190517459127
-1.187626578872473
-0.3679283804865536
-0.8463382001699519
-0.5904826180595514
-1.9427754685282115
-2.1936854953855156
-1.540565013456152
-0.2681237505680933
-0.381881083625794
-0.04213335175395759
-0.45690620063393467
-0.3488359304559975
-0.36234466273096866
-0.16590194900400812
0.07084490313713901
0.26357234131545854
-1.4062552854722081
-0.5672823035697522
0.053228071110024464
-0.023553750300619014
0.2659422488700921
-0.43343606215671915
-0.6007300002010719
-0.7140833064613316
-1.0408447565521322
-0.630072860833225
-0.3484693081656881
-0.36279981029136743
-0.6587364910046561
0.03372752536367586
-0.22813451796931528
0.39615417017978044
0.7901477762082466
0.586982527846604
0.8790097030675337
0.5544464885972983
0.8237333858702797
0.46725806859921526
-0.053856879143525924
-0.16967501250325123
-0.025373826786513995
-0.7062756164388234
-0.005351212239368117
-0.11965222354032255
0.03910638740542529
0.49182152786698274
0.2368685921198575
-1.2813161153913433
-1.8537797040604995
0.15136971907158092
-1.1794623558067314
-1.2757238368147563
-0.5372485634017059
-1.0594882511472505
-0.7955255767068049
-0.29639306570798746
-0.21672982176773858
-0.43031613917788225
-0.9719797701091683
-1.2670942993956649
-0.6835126408417732
-1.9517627018211023
-2.4091189778331814
-1.666489444696197
-0.27593622399671547
0.10717178662569558
-0.10749039945829937
0.1660314177062987
0.2612950554897307
0.4492245358845061
0.3494770603084853
-0.44457184203738287
-1.254445196571145
-0.2321144364748664
0.11659442452087296
0.040147494464671946
-0.1393097947257378
-1.193389472225137
-0.49149619975700765
-0.4117300332671563
0.13190476701518722
0.43113461878523535
-0.022000856375970892
0.45541649350534313
0.21392763991203967
0.32104608660137646
-0.2094407181977705
-0.7874208917925776
-0.49790411650420097
-0.7149838339151043
0.08029764460446064
0.03620727281472348
0.44763270986145665
-0.03866280992032499
0.42567789761478825
0.7494358271584068
0.8873286246376226
0.6703144201093121
0.8348723270702567
1.1013157567922038
-0.42770893666912735
0.5927510272892711
0.44666376606023056
0.7381318198007042
0.20648337126535882
-0.034504384796864115
0.4224055459265146
0.047294216972389405
-0.18290592413443152
-0.45767244139829166
-0.4075846960722067
-2.3676137218340463
-1.5513804286057193
-0.17929483357978127
-0.337769979162336
0.151655656842561
0.2581676370601223
0.5186198497929916
-1.0129173339805522
-2.159700156830284
-1.05250263152478
-1.531234099982367
-1.781775759826717
-0.6230641109740072
0.21259387775010763
0.5649316456199275
0.34455850382555053
0.2122319565203578
-0.4986333260983563
0.04222292744088091
0.38820327340246985
0.25699702960623955
0.30110683609784644
0.4972070514701302
0.7454276631465023
0.3114733703056016
-0.2514872184441149
0.04712717276833338
-0.7568178901306061
0.06861624449534161
0.4174999822951613
0.0614682166205069
-0.8345889277365445
0.2948901166844484
0.5309600904124567
0.2613867156678339
-0.5907519379078431
-1.1119062908804263
0.560396072257403
0.9055045036595549
-0.1986861722753262
-0.5857626540594801
0.21072542601176436
0.7411838156684651
0.721585931539342
0.49191515990668805
-0.4326127560827747
-0.21747196639856253
-0.1266155706538331
-0.050031071755298806
-1.5147102164987374
-0.2890693244890474
-0.25492547726049986
0.2810853098226057
-0.0668168923800274
-0.6483493636816136
-1.4849851611080833
-0.30045138683036177
0.4823922345246613
0.5352524659607717
0.5218646053699695
0.8181968783230641
1.3940719616630692
-0.2984531221521919
0.23816500007260027
-0.46254859523724623
0.3172319257368587
-0.33594884615114107
1.007150832413412
0.5544849462646864
-0.6337953923362691
0.15139517194494045
0.2300335128102396
0.026880975554531464
0.35365881042862246
-0.3233232037249891
1.0153606118488054
1.2319743746969984
-0.221720736846448
-0.7394507691557387
-0.8867474193860078
-1.253429299830078
-0.8160202354719178
-0.7147022167537865
-0.10565517932051012
-0.02531914973119377
0.2812676175701486
0.22233370985505263
0.095139761543108
-0.5194958369548026
0.3213026669214678
0.146460108091793
-0.24449660933592793
0.31401218157370214
-0.09672704746590326
0.6154751081622916
0.016114441827419848
0.44284893831869265
-0.5545287319226749
-0.6388003402442136
0.038934174241717134
0.06861069025441022
0.2072481392648462
-0.3611465245882415
-0.5680042596557306
-0.28586092636052113
0.2204720441802745
0.44189723430036226
0.8667947201371584
0.4506392149306907
0.16334178844105873
0.5423112573076209
0.6778062303310394
1.2159251913169375
0.7831197372979922
0.751031244713733
-0.8439098777135515
0.01614721089226269
-0.5395784503560302
-0.13926626843988166
0.36522237878788466
0.6301685523550884
-0.2564066370475757
-0.8191327810836797
-1.6426026516854593
-0.9044657283689505
-0.027002627258169307
-0.3066010818723858
0.04117175737928683
0.23412304873055617
-0.30878760486575607
-0.38511896664895984
-0.09457097776010197
0.059466292982228205
0.09147188952949438
0.5710716521468241
0.2541177223939749
1.165829953776989
1.1095428491682722
1.0314088379616375
0.9694422957805928
-0.3112414701153799
-0.5248421450788241
-0.324231253998686
-0.0857732979267163
-0.338371146863539
0.25466946046300526
0.7133550220636785
1.0776052460737602
1.1353573858965091
1.161858121669806
1.1257323531547745
0.44791887243697814
0.837657464418359
0.8178961120399766
0.5883665292717456
0.39097883356527746
0.5055821674571772
0.27024757183324677
0.36854496255728414
0.5058170988814431
-0.32063499348018043
-0.1717033862644281
0.05478508264885236
-0.47672100967884423
-0.4631032860941832
-0.4317847672130985
-0.22487738396543155
-0.8706910999656833
-0.32847035978350614
0.012817975284284439
0.19140436177715048
0.10546741790055539
-0.31825981624158906
-0.1260214820477374
-0.026779477489787415
-0.5510778854924827
-1.147198765702743
-1.516660681281467
-1.063338635413366
-0.7267382321296766
-0.15541111784572126
-0.3117917826157141
-0.3275542438631296
-0.5662285284515566
-0.6558591057073904
-0.4185487011137484
-0.1538909492923755
-0.09238841902473736
0.3256779900778637
-0.20361334569646816
-0.1260981099973405
-0.25935523038111113
-0.47279924362204273
-0.24046998970327005
-0.6607711211700672
0.34613798954511077
0.47954793003947016
0.46876101703852896
0.4868177924073899
0.6031810945486504
0.08944321953782992
0.5622530508212308
0.3726601701421792
0.6544790005404721
0.8048709336719984
0.4610064000633204
0.4764265634505263
0.42698210741187076
0.2811348120322059
-0.365530250946807
-0.36309498596847556
-0.0304611004418872
-0.31328835213146927
-0.125517344329453
0.03483393572078086
-1.441538067455958
-1.7959321181715522
-1.990067251331712
-2.225857547825914
-2.0799878400650798
-2.4479945409196824
-1.6211308201903578
-0.5647926977673421
0.10207624748905168
0.25219706020569455
0.44047581519537315
0.3134668116775298
0.4003722997554432
0.6210588904252728
0.6829263414137069
0.5344210180959287
0.22261448265483474
0.2467734499351401
0.017310672510846323
0.45050056507795383
-0.12308325967573074
0.009921967417366992
0.5061609223177084
0.2487516281192807
0.047789337294231585
-0.5311090707155703
-0.25736055817281744
-0.1089730274434421
0.4109551633769381
0.40399275199648865
0.5508073659931507
0.5941896363146896
0.4438265418417857
0.3968791800476945
0.5718720553797227
0.4888227585226893
0.0022091580786666593
0.06613005406378408
0.30852104748665876
-0.35318882774758176
0.04812970354707483
-0.43218836833700514
0.08098175073559205
-0.6203913654118386
-0.23476746749668365
-0.4607477612470181
-0.7307380402365591
-0.44985659144604145
-1.3960793227544788
-1.6666052589408007
-1.4703283504178408
-1.6564403855346626
-1.4455874032205092
-1.4014837468653893
-2.142546856338899
-2.3283709783702733
-2.330271168847478
-2.8012256550177477
-1.5172188305396654
-0.572702306583566
0.2159726737674813
-1.289471852494541
-0.449562888518632
-1.3855213200196395
-1.6568295702906053
-0.5794489184689112
-1.908730000040195
-1.3768824504144404
-0.33714103227244585
0.21484090894312713
-0.07030489008920503
-0.5473137411019983
-0.19631967843709625
-1.1221902888593887
-1.0644654168635352
-0.8410032818145453
-0.566797330390217
-0.6950775836545063
-0.33423864243632173
0.08644819613809197
0.13190505267431524
-0.10608906599195718
0.30919603562887665
0.6007903492021468
0.8437184537692324
0.353703391162049
0.17087985048288867
-0.028875943442521715
-0.10305492096058298
0.30595644081665957
0.11648395924616979
-1.5259763161108513
-1.8998771923659492
-1.0217140650485153
-0.05503614556590174
-0.39441114054012205
-0.26287828797146323
0.5058501182244356
0.48002991368082804
0.5032810644769288
0.7201067133574127
0.5818056464103719
-0.5850439488242613
-1.5348825657009415
-0.2564899920430098
0.36888399468355604
-0.8826498569952576
-0.9600349040496874
-1.2395904395331894
-1.9859289166445564
-1.8736515715644741
-1.2517015332788157
-1.1974468636955773
-1.0058049261240398
-0.7649454794448058
-0.4433252074346098
-0.09698972289690262
0.35697792378382864
-0.3770160715552682
-0.4133468363972343
-1.0960023967350179
-0.7245079877489554
-1.0328473040941917
0.059712683439321276
-0.0012489898014823378
-0.40445959996711767
0.15499051230192668
-1.0656482622040067
-0.1602546422760141
0.472443741474133
-0.8577193440333247
-0.9626397009867398
-0.6350941584903632
-0.18479675329307466
-0.46067513257621306
-1.3551863650141025
-0.8621046217429433
-0.4036670085003175
-0.3580031216532462
-0.534165659235968
-0.15344443106388672
-1.5727586349036078
-1.9272200150966594
-2.352485820004139
-0.8665614920738633
-0.12298793605725096
0.26956440134940357
0.7325571579302373
-0.021159435526306933
-1.1499814522475236
-2.2570669612735963
-2.291736454629155
-2.9078877801773566
-1.717964784039167
-1.3931263022342442
-1.219643579567492
-1.3409579844939736
-0.9842842658868692
-1.592735957263614
-1.1411097394907734
-1.6140424719815956
-1.3734554393815244
-0.2879619903397863
0.29673616557746785
0.06161269508621346
-0.196008627473858
0.23318347414346086
-0.8683263330054942
-0.30301629673382313
-0.16187536736477065
-0.7613376403346043
-1.2951003776489711
-1.8367833432093532
-2.2218316294620535
-2.10777515657472
-2.0648117933327144
-1.8223331846982194
-1.5004166240576027
-1.1265020380261517
-0.7792129553399952
-0.5042875235475323
-0.7558219274322189
-0.3935906004515415
0.0711834444644716
0.3483427518466155
-0.841005361919463
-0.9941699556000961
-1.4392772945688768
-1.7036144293329456
-0.6909576157368261
-0.8074630951495417
-1.3207778670456145
-1.12344152318319
-1.4637559964135947
-1.838979494196288
-1.7646294902049824
-1.2991638594354773
-0.8862719714538996
-1.1436779138856936
-1.8086676325939781
-1.4420545789075156
-0.6885109419534106
-0.42318392397966276
-0.6241853055152983
-0.7189419704179729
-1.6861190878336685
-0.3927115722365877
-0.15743115349463954
0.042209203622423044
0.2965132722897745
0.015047474204063188
0.48459919857719835
1.108750808680152
0.14563401553255045
0.92874101586164
1.0816937896034051
1.0307000128770605
1.8184470151842678
2.1694087596513065
1.8056039421031056
1.2642129976745868
1.2853642902178386
-0.47811135269370164
0.49756695812715035
-0.3767449406971207
0.6516405846234082
-0.10984560550740384
0.31478269426966876
0.6878884360247042
1.4878366955585702
1.0147968616217122
0.28776636602810385
0.06934656929617249
-0.7903770307247829
-0.11216749751295323
0.8133811380753194
0.13665605056439895
0.606378838707111
0.05623626825852203
0.5446411915706862
1.1366728093085878
1.1993729076565807
0.9181066720994544
1.1469647744237161
0.8375513136676737
1.098065696932858
0.6276629699090731
1.1344530033097247
1.2584448808216206
0.8071968098555006
-0.9409387342522074
-1.404563586794644
-1.9078348409368149
-0.7196744179808948
-0.7363308668245974
-0.6155379645865298
0.5262951268807823
0.5595100298836496
0.48853373851287046
0.9604000208793931
0.7531810584478938
1.5417384111171026
1.247256001427082
0.561161275681135
1.3568838090808153
0.8629091275748004
0.8999448371437225
1.1961815897438866
1.3551401509002152
0.9298952686736536
0.5226092069229874
0.9622085414325614
-0.49758434574907506
0.04884602697749034
0.6530794036238504
0.7542839737843353
0.46276532663108055
0.38798560452321795
0.2740367001766266
0.3831245610555991
0.43174955646160607
0.8517740103408832
0.2869991243656914
1.214703297341447
1.1261601975104427
-0.45006872295295736
0.43644793240978835
-1.2888324948448446
-0.40805431759911626
0.5211469351035015
0.752567080215139
1.077878136477252
1.3793413709217361
0.9932539294546824
0.17263005939874698
0.5300576627642538
1.4016526781106422
1.3829189058624187
0.6873560960228351
-0.2741075606651257
-0.9438923209519033
-1.8639615427758798
-2.232800339997223
-0.6435618375706988
0.9919480561394817
1.0311632587637773
-0.9844397121195952
-2.291145629846184
-2.0762675805831234
-1.2681775461139042
-0.85492812861033
-0.516049358941888
-0.43005442200027866
-0.4339288377090847
-0.41673174632682164
0.08658223022162805
0.1317411780202212
0.10951785341091069
0.3521588236158957
0.3801783640584022
0.989343218937428
0.3434782729979927
0.7866417519231906
1.2980374916578783
0.9793709553363245
1.102035748894855
1.4677449056503968
1.5236516746496607
1.221700064544704
-0.21223675218587318
-0.1930475933442048
0.12942453455895897
-1.504596225277792
-2.048662432825105
-2.780238420675304
-3.2945369753677887
-1.4473117727732523
-0.2976941966748192
0.5103162689942646
0.4852658821117115
0.7999173056607309
1.1686901361338715
0.8516719992389865
0.7135701533541966
0.8144918018099015
0.9684532597821321
1.116729172392543
0.21728298587772843
-0.24240369680285873
-1.0691573231851368
-1.3145924356943406
-1.919376332131718
-1.8516894233031527
-1.3429925564222895
-1.109483825289177
-1.0140037533972996
-1.7237312040034292
-1.161860276043684
-0.22814750475799833
0.22426875644508049
1.0744098002629758
0.5948960153961044
0.06542293064572889
0.21086424647812785
-0.3423079759542135
-0.25312363392232157
-0.18499795454879114
0.4508323689606582
0.41734176200389617
0.36978779099117903
-0.11102055538102922
-0.9172051540722902
0.5462925170707872
0.6833135395853872
1.2768299045112546
1.6114647629894783
1.825944883490019
1.599637834874566
1.7032059529448549
1.366934849211495
1.8866523461372304
1.610669560596855
1.6761646971122417
1.791054449278879
1.9250588960783483
1.6492247550056898
1.7526526730236869
1.949769349035156
2.5525493679949713
2.560698151878349
2.582943429405295
2.8353460472173095
2.415447267340801
1.630705688875741
2.060063796046779
1.6976013721767949
1.3965929415176483
1.864202771264776
1.5350073228498866
1.8681955328231596
1.9481100411625265
2.466641131878441
2.6252114183971016
3.208505850392178
2.820167301656406
1.537147699779817
-0.046741516048385265
-1.8829220319447275
-2.182798680532916
-1.7155565023373014
-2.215019312088203
-0.008817562432837142
1.3818442895486702
0.8398595098733855
0.4970673992302258
0.9330627635197154
1.0145018616791206
0.9882471852175839
1.0230381368544972
0.5183683279948609
0.39274374701359466
0.42616853122824677
0.4114342352956145
0.8706113844629404
-0.08859316808179692
-0.3423384472004357
0.6365029804522596
1.020726543525448
1.1822897643683834
0.6528236559938242
0.7759647218503308
0.7595770263172628
1.4734292572119783
1.3817530793609727
1.843615972756167
1.6498530772084734
0.6526688605584856
1.1919235866548898
2.1658739529140445
1.714088085933871
1.1661660909051383
1.015202605565976
1.092364963005314
1.4601350490454037
1.2474149058832023
1.3486326828260073
1.9101346999752054
1.4475359825676501
1.5688133818766545
1.8034490991147996
1.785124725738573
0.7739128702764416
0.7966903444925952
1.2942069383223536
-1.5219850371203358
-1.5831229020434063
-1.1517726005707718
-0.3172780766651166
-0.7568243303149156
0.22813140495514034
0.6510349338697015
0.24104662041181124
1.42157828103329
1.3297433479072023
1.8935740002356574
2.1684418186856855
2.0667604610210875
1.2546707583825445
0.8371222000775438
0.9220364776327327
-0.5381235969945615
-1.350042592134674
-2.3505640205192444
-2.082815592411354
-0.1624576305462866
-2.1232970547994863
-2.004820005928625
-0.8044882765342428
-0.6863285034446096
-1.85660122349203
-2.7772351633405585
-1.9026901963122758
-1.3120240376671766
-0.7185531342624307
0.024104075952414775
0.185370901055869
-0.19603420657132797
-0.5681099992119342
-0.7571443856569765
-0.04827884445898471
0.5106495430701892
0.812627334137073
1.2334622330592968
1.0592184589287807
1.101700365730669
0.9232262960144292
1.061926001875796
0.32782973834771867
0.6625132429454154
-0.3092054729800082
0.37797408696064605
0.5439640395792643
0.19643404343782683
0.8090500518843159
1.0831035670617466
1.4073459373146324
0.4807801657103152
1.3313713194735781
0.8309768602085621
0.9824270115594953
0.2784436124270848
0.37515944665949097
0.26441956818422774
0.19156088252103481
-0.03782788481089695
-1.3490071466864773
-0.8073685382920647
-1.7534975473384995
-2.159655320277681
-1.13332110648641
-0.581789330330836
-0.6412374615133926
-2.3203709577976777
-0.8032564995653598
-1.365945573809049
-2.353105234419947
-0.6835022694569732
-0.32294177579181277
-0.47048377185580764
-0.36758469978962843
-1.240579115017801
-1.0124882792675343
0.20657516232571965
-0.8489425162659315
-1.2518816041879741
-1.969384165572215
-1.3869377099809772
-1.5690884451132356
-0.5589768866179667
-2.4720028212504976
-1.0593389002061941
-1.623332979596947
-1.5104410294010844
0.27577331903798685
1.5809892444779108
1.5658373571487723
1.8335843210704474
1.2942184918323987
1.1894823063967914
-0.33310286551598145
-1.106082481288501
-0.5355056560458903
0.847844924823418
1.3373969468691778
1.0876365405205441
-1.1431814358858154
-0.4208828353398398
0.8194927302119164
1.1507469303893763
1.5442604697999132
1.3467886043117498
1.542948679868029
1.5875253719267848
1.3355794065926876
1.7756802625822592
1.421527185819602
1.4327760196107087
1.4376041055007438
0.810935937255956
-0.6039186124376338
0.189177907242644
1.1309848779627956
1.677748578496265
0.8372014879227241
-0.43476577682925654
-2.613958934335793
-1.1801448497586453
-0.20630766802439704
-0.4099116820811121
0.7219934442582554
0.7665979666442101
0.7228302052166592
0.12228557732984098
0.05066586864540698
0.09081035112948199
-0.10621944046067681
0.6144654691856936
1.197928323281021
0.8820672366597399
0.5602339285509333
1.0771903202986357
1.4365968842362942
1.1017428275246126
0.4700917499870742
-0.7575936258753525
-0.40984788982632137
-1.5373665394315414
-2.059940956911368
-2.403018880226863
-0.608071920192729
-1.7735152898207551
-0.14673953412503415
0.6000744841776685
1.0797361285642502
1.069520421507762
0.8913621801182082
0.7167301908691067
0.1571230823545529
0.5731229008054433
0.9915756001005044
0.2430762750054855
-0.9429478533492551
-0.5801340653434636
0.3562262213504772
-0.4746020388560659
-2.0802131575411043
-0.6402138713059264
-1.0478983071984465
-0.3368328913701539
0.6813707258161705
1.6994355114717905
1.165590308864663
0.9376365735543427
-0.7102053284512007
-0.4499171795172566
0.6714841270812654
0.11355787328935017
-1.7715845855672758
-0.16447261464595864
-0.1580594838616648
-0.5710709872814388
1.0189460608427068
0.8691164397852945
-1.5918864693673067
-1.040479328323929
-2.6025675462593543
-1.770011688282255
-0.20948233569764146
-0.9935351496734469
-0.7734220619832334
-0.4877499239258105
-0.2163749778533638
-0.0927123620823869
-0.15727735371711887
0.0007169896223298972
-0.7388162972410384
0.32108593726958784
0.09550482975634937
0.4186362646454913
0.46002036844083405
0.22264898969429936
-0.5438074032562349
-0.22436569700698406
-0.540185120828859
-1.4465145439641458
-0.46998723614752974
-0.6142628633991287
-0.7409149874759324
-0.09793444285814613
-0.9228756131496606
-0.7365510544302524
-0.020219363336705973
0.8668663081459121
1.0556585558685827
1.2051485717527846
0.6139951789274952
0.842637374153014
0.09280314751499892
-0.23706590638855585
-0.22383644705259997
-0.5521315521313289
-0.48366648878315466
0.024634475142069526
0.40621843345223063
0.09349839550991924
-0.5061195027643478
-0.5126260353325104
-1.463705393212108
-2.6374926086972015
-2.4576556684878605
-2.4538195552723203
-2.0856908281919355
